                  Temp     Hi    Low   Out    Dew  Wind  Wind   Wind    Hi    Hi   Wind   Heat    THW                Rain    Heat    Cool    In     In    In     In    Temp   Temp    Hum    Hum  Wind  Wind    ISS   Arc.
  Date    Time     Out   Temp   Temp   Hum    Pt. Speed   Dir    Run Speed   Dir  Chill  Index  Index   Bar    Rain  Rate    D-D     D-D    Temp   Hum    Dew   Heat    2nd    3rd    2nd    3rd  Samp   Tx   Recept  Int.
----------------------------------------------------------------------------------------------------------------------------------------------------------------------------------------------------------------------------
27/03/08   0:10   14.6   14.7   14.6    90   13.0  19.3    NE   3.22  24.1   NNE   12.1   14.7   12.2  1009.6  0.00   0.0   0.026   0.000   24.7    40   10.2   24.2   15.0    ---     80    ---   219    1     96.1   10 
27/03/08   0:20   14.6   14.6   14.6    90   13.0  20.9   NNE   3.49  24.1    NE   11.8   14.7   11.9  1008.4  0.00   0.0   0.026   0.000   24.6    41   10.4   24.1   15.0    ---     80    ---   227    1     99.6   10 
27/03/08   0:30   14.7   14.7   14.6    93   13.5  19.3    NE   3.22  22.5    NE   12.2   14.8   12.3  1007.8  0.00   0.0   0.025   0.000   24.6    41   10.4   24.1   15.0    ---     80    ---   228    1    100.0   10 
27/03/08   0:40   14.7   14.7   14.6    94   13.7  17.7    NE   2.95  20.9    NE   12.5   14.8   12.7  1007.8  0.00   0.0   0.025   0.000   24.5    41   10.4   24.1   15.0    ---     82    ---   221    1     96.9   10 
27/03/08   0:50   14.7   14.7   14.6    96   14.0  17.7    NE   2.95  22.5    NE   12.5   14.9   12.7  1007.8  0.00   0.0   0.025   0.000   24.4    42   10.6   24.0   15.0    ---     83    ---   228    1    100.0   10 
27/03/08   1:00   14.2   14.4   14.0    98   13.9   9.7    NE   1.61  19.3    NE   13.7   14.4   13.9  1008.2  0.00   0.0   0.029   0.000   24.4    43   11.0   24.1   15.0    ---     84    ---   220    1     96.5   10 
27/03/08   1:10   14.0   14.0   13.9    99   13.8  11.3    NE   1.88  20.9    NE   13.2   14.2   13.4  1008.2  0.00   0.0   0.030   0.000   24.3    43   10.9   24.0   15.0    ---     84    ---   226    1     99.1   10 
27/03/08   1:20   14.0   14.0   13.9    98   13.7  19.3    NE   3.22  24.1    NE   11.4   14.2   11.6  1008.4  0.00   0.0   0.030   0.000   24.3    44   11.2   24.0   15.0    ---     84    ---   226    1     99.1   10 
27/03/08   1:30   13.9   14.0   13.8    98   13.6  14.5    NE   2.41  22.5   NNE   12.3   14.1   12.5  1008.5  0.00   0.0   0.030   0.000   24.2    44   11.2   23.9   15.0    ---     84    ---   230    1    100.0   10 
27/03/08   1:40   13.9   13.9   13.8    98   13.6  14.5    NE   2.41  24.1    NE   12.3   14.1   12.4  1008.5  0.00   0.0   0.031   0.000   24.2    44   11.1   23.9   15.0    ---     84    ---   225    1     98.7   10 
27/03/08   1:50   13.8   13.8   13.8    99   13.7  14.5   NNE   2.41  19.3    NE   12.2   14.1   12.4  1008.4  0.00   0.0   0.031   0.000   24.1    44   11.1   23.9   15.0    ---     84    ---   229    1    100.0   10 
27/03/08   2:00   13.8   13.8   13.8   100   13.8  14.5   NNE   2.41  19.3    NE   12.2   14.0   12.4  1008.2  0.00   0.0   0.032   0.000   24.1    45   11.4   23.9   15.0    ---     84    ---   227    1     99.6   10 
27/03/08   2:10   13.7   13.8   13.6   100   13.7  16.1   NNE   2.68  22.5   NNE   11.7   13.9   11.9  1008.2  0.00   0.0   0.032   0.000   24.1    45   11.4   23.9   15.0    ---     85    ---   228    1    100.0   10 
27/03/08   2:20   13.6   13.6   13.6   100   13.6  14.5   NNE   2.41  17.7   NNE   11.9   13.8   12.1  1008.4  0.00   0.0   0.033   0.000   23.9    45   11.3   23.8   15.0    ---     85    ---   223    1     97.8   10 
27/03/08   2:30   13.4   13.6   13.4   100   13.4  11.3     N   1.88  16.1     N   12.6   13.7   12.8  1008.4  0.00   0.0   0.034   0.000   23.9    44   10.9   23.7   15.0    ---     85    ---   227    1     99.6   10 
27/03/08   2:40   13.3   13.4   13.2   100   13.3  11.3   NNE   1.88  17.7   NNE   12.4   13.5   12.6  1008.4  0.00   0.0   0.035   0.000   23.9    44   10.9   23.7   15.0    ---     85    ---   217    1     95.2   10 
27/03/08   2:50   13.2   13.2   13.2   100   13.2  14.5    NE   2.41  17.7    NE   11.6   13.4   11.8  1008.2  0.00   0.0   0.035   0.000   23.9    44   10.9   23.7   15.0    ---     85    ---   224    1     98.2   10 
27/03/08   3:00   13.1   13.2   13.1   100   13.1  17.7   NNE   2.95  22.5   NNE   10.7   13.3   10.9  1008.0  0.00   0.0   0.036   0.000   23.9    44   10.9   23.7   15.0    ---     85    ---   220    1     96.5   10 
27/03/08   3:10   12.9   13.1   12.9   100   12.9  17.7   NNE   2.95  20.9   NNE   10.5   13.2   10.7  1008.0  0.00   0.0   0.037   0.000   23.8    45   11.1   23.6   15.0    ---     85    ---   220    1     96.5   10 
27/03/08   3:20   12.9   12.9   12.8   100   12.9  19.3   NNE   3.22  22.5   NNE   10.1   13.1   10.3  1008.9  0.00   0.0   0.038   0.000   23.8    45   11.2   23.7   15.0    ---     85    ---   224    1     98.2   10 
27/03/08   3:30   12.8   12.8   12.8   100   12.8  16.1   NNE   2.68  20.9   NNE   10.6   13.0   10.8  1009.1  0.00   0.0   0.039   0.000   23.8    45   11.1   23.6   15.0    ---     86    ---   216    1     94.7   10 
27/03/08   3:40   12.7   12.8   12.7   100   12.7  16.1   NNE   2.68  19.3   NNE   10.6   12.9   10.8  1009.1  0.00   0.0   0.039   0.000   23.7    45   11.0   23.4   14.4    ---     87    ---   229    1    100.0   10 
27/03/08   3:50   12.7   12.7   12.7   100   12.7  14.5   NNE   2.41  22.5     N   10.9   12.9   11.2  1009.1  0.00   0.0   0.039   0.000   23.7    45   11.0   23.4   14.4    ---     87    ---   221    1     96.9   10 
27/03/08   4:00   12.7   12.8   12.7   100   12.7  11.3   NNE   1.88  16.1    NE   11.7   12.9   11.9  1008.9  0.00   0.0   0.039   0.000   23.6    46   11.3   23.3   14.4    ---     88    ---   229    1    100.0   10 
27/03/08   4:10   12.8   12.9   12.8   100   12.8  12.9    NE   2.15  17.7   NNE   11.4   13.1   11.7  1008.9  0.00   0.0   0.038   0.000   23.6    46   11.3   23.3   14.4    ---     89    ---   226    1     99.1   10 
27/03/08   4:20   12.8   12.9   12.8   100   12.8  11.3    NE   1.88  16.1    NE   11.8   13.1   12.1  1009.6  0.00   0.0   0.038   0.000   23.5    46   11.2   23.3   14.4    ---     89    ---   225    1     98.7   10 
27/03/08   4:30   12.8   12.9   12.8   100   12.8   8.0    NE   1.34  14.5    NE   12.3   13.1   12.6  1009.6  0.00   0.0   0.038   0.000   23.4    46   11.2   23.2   14.4    ---     89    ---   225    1     98.7   10 
27/03/08   4:40   12.9   12.9   12.8   100   12.9   9.7   NNE   1.61  17.7    NE   12.1   13.1   12.3  1009.6  0.00   0.0   0.038   0.000   23.4    47   11.5   23.2   14.4    ---     90    ---   230    1    100.0   10 
27/03/08   4:50   13.0   13.1   12.9   100   13.0  12.9   NNE   2.15  17.7   NNE   11.7   13.2   11.9  1009.2  0.00   0.0   0.037   0.000   23.4    47   11.5   23.2   14.4    ---     90    ---   228    1    100.0   10 
27/03/08   5:00   12.9   13.1   12.9   100   12.9  11.3   NNE   1.88  19.3    NE   12.0   13.2   12.2  1009.8  0.00   0.0   0.037   0.000   23.4    47   11.4   23.2   14.4    ---     90    ---   226    1     99.1   10 
27/03/08   5:10   12.8   12.9   12.8   100   12.8  17.7   NNE   2.95  22.5   NNE   10.3   13.0   10.6  1009.8  0.00   0.0   0.039   0.000   23.3    47   11.3   23.0   14.4    ---     90    ---   229    1    100.0   10 
27/03/08   5:20   12.7   12.8   12.6   100   12.7  17.7   NNE   2.95  20.9   NNE   10.3   12.9   10.5  1009.8  0.00   0.0   0.039   0.000   23.3    47   11.3   23.0   14.4    ---     89    ---   225    1     98.7   10 
27/03/08   5:30   12.7   12.7   12.6   100   12.7  19.3    NE   3.22  24.1    NE    9.9   12.9   10.1  1009.9  0.00   0.0   0.039   0.000   23.2    47   11.3   22.9   14.4    ---     89    ---   229    1    100.0   10 
27/03/08   5:40   12.6   12.8   12.6   100   12.6  20.9    NE   3.49  24.1    NE    9.6   12.8    9.8  1009.9  0.00   0.0   0.040   0.000   23.3    47   11.3   23.0   14.4    ---     88    ---   223    1     97.8   10 
27/03/08   5:50   12.6   12.6   12.6   100   12.6  22.5    NE   3.76  25.7    NE    9.4   12.8    9.6  1009.9  0.00   0.0   0.040   0.000   23.3    46   11.0   22.9   14.4    ---     88    ---   226    1     99.1   10 
27/03/08   6:00   12.6   12.6   12.6   100   12.6  20.9    NE   3.49  25.7   NNE    9.6   12.8    9.8  1010.0  0.00   0.0   0.040   0.000   23.2    46   11.0   22.9   14.4    ---     88    ---   225    1     98.7   10 
27/03/08   6:10   12.6   12.6   12.6   100   12.6  17.7    NE   2.95  24.1    NE   10.1   12.8   10.3  1010.0  0.00   0.0   0.040   0.000   23.2    46   10.9   22.8   13.9    ---     88    ---   229    1    100.0   10 
27/03/08   6:20   12.4   12.6   12.3   100   12.4  17.7    NE   2.95  30.6    NE    9.9   12.7   10.2  1009.9  0.00   0.0   0.041   0.000   23.1    46   10.9   22.7   13.9    ---     88    ---   224    1     98.2   10 
27/03/08   6:30   12.3   12.3   12.3   100   12.3  19.3    NE   3.22  29.0    NE    9.4   12.5    9.7  1010.0  0.00   0.0   0.042   0.000   23.1    46   10.8   22.7   13.9    ---     87    ---   227    1     99.6   10 
27/03/08   6:40   12.4   12.6   12.3   100   12.4  16.1    NE   2.68  27.4    NE   10.2   12.7   10.4  1010.0  0.00   0.0   0.041   0.000   23.0    46   10.8   22.6   13.9    ---     88    ---   228    1    100.0   10 
27/03/08   6:50   12.6   12.6   12.6   100   12.6   6.4    NE   1.07  19.3    NE   12.3   12.8   12.6  1009.7  0.00   0.0   0.040   0.000   22.9    46   10.7   22.6   13.9    ---     88    ---   216    1     94.7   10 
27/03/08   7:00   12.7   12.8   12.6   100   12.7   4.8    SE   0.80  17.7    NE   12.7   12.9   12.9  1009.9  0.00   0.0   0.039   0.000   22.9    47   11.0   22.6   14.4    ---     89    ---   225    1     98.7   10 
27/03/08   7:10   12.8   12.9   12.8   100   12.8   6.4    NE   1.07  20.9     E   12.6   13.0   12.8  1009.9  0.00   0.0   0.039   0.000   22.9    47   11.0   22.6   14.4    ---     89    ---   220    1     96.5   10 
27/03/08   7:20   12.9   12.9   12.8   100   12.9   6.4    NE   1.07  17.7   ESE   12.7   13.1   12.9  1010.4  0.00   0.0   0.038   0.000   22.9    47   11.0   22.5   14.4    ---     89    ---   219    1     96.1   10 
27/03/08   7:30   13.1   13.1   13.1   100   13.1  11.3    NE   1.88  25.7    NE   12.2   13.3   12.4  1010.1  0.00   0.0   0.036   0.000   22.9    48   11.3   22.6   15.0    ---     89    ---   221    1     96.9   10 
27/03/08   7:40   13.0   13.1   12.9   100   13.0  19.3    NE   3.22  29.0   NNE   10.3   13.2   10.5  1010.1  0.00   0.0   0.037   0.000   22.9    48   11.3   22.6   15.6    ---     87    ---   223    1     97.8   10 
27/03/08   7:50   13.1   13.2   12.9   100   13.1  14.5    NE   2.41  27.4    NE   11.3   13.3   11.6  1010.4  0.00   0.0   0.037   0.000   22.9    48   11.3   22.6   15.6    ---     85    ---   219    1     96.1   10 
27/03/08   8:00   13.2   13.4   13.2   100   13.2  12.9    NE   2.15  24.1   NNE   11.9   13.4   12.2  1010.5  0.00   0.0   0.035   0.000   22.9    48   11.3   22.6   16.1    ---     83    ---   224    1     98.2   10 
27/03/08   8:10   13.4   13.4   13.4   100   13.4   9.7    NE   1.61  17.7    NE   12.8   13.7   13.0  1010.5  0.00   0.0   0.034   0.000   22.9    48   11.3   22.6   16.7    ---     81    ---   221    1     96.9   10 
27/03/08   8:20   13.4   13.6   13.4   100   13.4   9.7    NE   1.61  19.3   NNE   12.8   13.7   13.0  1010.6  0.00   0.0   0.034   0.000   22.9    48   11.3   22.6   17.2    ---     80    ---   227    1     99.6   10 
27/03/08   8:30   13.7   13.9   13.6   100   13.7   4.8   NNE   0.80  11.3   NNE   13.7   13.9   13.9  1010.2  0.00   0.0   0.032   0.000   22.9    49   11.6   22.6   17.2    ---     79    ---   227    1     99.6   10 
27/03/08   8:40   13.9   13.9   13.8   100   13.9   8.0    NE   1.34  11.3   NNE   13.6   14.1   13.8  1010.2  0.00   0.0   0.031   0.000   22.9    49   11.7   22.7   17.2    ---     79    ---   231    1    100.0   10 
27/03/08   8:50   14.1   14.2   13.9   100   14.1   4.8   NNE   0.80  14.5   NNE   14.1   14.3   14.3  1010.5  0.00   0.0   0.029   0.000   22.9    49   11.6   22.6   17.8    ---     79    ---   228    1    100.0   10 
27/03/08   9:00   14.2   14.3   14.2   100   14.2   6.4     N   1.07  17.7     N   14.2   14.4   14.4  1010.7  0.00   0.0   0.029   0.000   23.0    50   12.0   22.8   17.8    ---     78    ---   225    1     98.7   10 
27/03/08   9:10   14.3   14.4   14.3   100   14.3   6.4     N   1.07  20.9   NNE   14.3   14.6   14.6  1010.7  0.00   0.0   0.028   0.000   23.1    50   12.1   22.9   18.3    ---     77    ---   231    1    100.0   10 
27/03/08   9:20   14.3   14.4   14.2   100   14.3   8.0   NNE   1.34  16.1     E   14.1   14.6   14.3  1010.9  0.00   0.0   0.028   0.000   23.1    50   12.1   22.9   18.9    ---     76    ---   224    1     98.2   10 
27/03/08   9:30   14.4   14.6   14.4   100   14.4   8.0   NNE   1.34  16.1   NNE   14.2   14.7   14.4  1011.1  0.00   0.0   0.027   0.000   23.1    50   12.1   22.9   18.9    ---     74    ---   230    1    100.0   10 
27/03/08   9:40   14.9   15.1   14.6    98   14.6   4.8   NNE   0.80  11.3   NNE   14.9   15.1   15.1  1011.1  0.00   0.0   0.024   0.000   23.1    50   12.1   22.9   19.4    ---     74    ---   225    1     98.7   10 
27/03/08   9:50   15.2   15.6   14.8    94   14.3   3.2   NNE   0.54  14.5    NE   15.2   15.4   15.4  1011.0  0.00   0.0   0.022   0.000   23.2    49   11.9   23.0   19.4    ---     73    ---   232    1    100.0   10 
27/03/08  10:00   15.8   16.0   15.6    89   14.0   8.0   NNE   1.34  17.7   NNE   15.8   15.9   15.9  1010.4  0.00   0.0   0.018   0.000   23.3    49   12.0   23.1   20.0    ---     71    ---   225    1     98.7   10 
27/03/08  10:10   15.7   15.8   15.6    91   14.2   4.8   NNE   0.80  16.1   NNE   15.7   15.8   15.8  1010.4  0.00   0.0   0.019   0.000   23.3    49   12.0   23.1   20.0    ---     69    ---   230    1    100.0   10 
27/03/08  10:20   15.8   16.7   15.4    90   14.2   3.2   NNE   0.54  16.1   NNE   15.8   16.1   16.1  1010.3  0.00   0.0   0.017   0.000   23.4    49   12.1   23.2   21.1    ---     66    ---   226    1     99.1   10 
27/03/08  10:30   17.5   18.0   16.7    84   14.8   3.2   NNE   0.54  14.5   NNE   17.5   17.8   17.8  1009.5  0.00   0.0   0.006   0.000   23.4    49   12.1   23.2   21.7    ---     65    ---   225    1     98.7   10 
27/03/08  10:40   16.8   17.3   16.6    85   14.3   3.2   NNE   0.54  14.5   NNE   16.8   17.1   17.1  1009.5  0.00   0.0   0.010   0.000   23.5    49   12.2   23.4   22.8    ---     61    ---   217    1     95.2   10 
27/03/08  10:50   17.3   17.6   16.9    84   14.6   4.8   NNE   0.80  12.9     N   17.3   17.6   17.6  1009.0  0.00   0.0   0.007   0.000   23.6    49   12.3   23.5   23.3    ---     58    ---   222    1     97.4   10 
27/03/08  11:00   17.3   17.7   16.5    89   15.5   4.8   NNE   0.80  19.3   NNE   17.3   17.7   17.7  1009.8  0.00   0.0   0.007   0.000   23.7    49   12.3   23.6   24.4    ---     56    ---   222    1     97.4   10 
27/03/08  11:10   15.9   16.5   15.8    95   15.1   3.2   NNE   0.54  14.5     N   15.9   16.2   16.2  1009.8  0.00   0.0   0.017   0.000   23.8    49   12.4   23.7   25.0    ---     53    ---   222    1     97.4   10 
27/03/08  11:20   16.0   16.2   15.8    91   14.5   4.8   NNE   0.80  11.3    NE   16.0   16.2   16.2  1009.4  0.00   0.0   0.016   0.000   23.9    49   12.5   23.9   25.0    ---     52    ---   222    1     97.4   10 
27/03/08  11:30   15.9   16.1   15.6    93   14.8   6.4   NNE   1.07  11.3     N   15.9   16.1   16.1  1009.3  0.00   0.0   0.017   0.000   23.9    48   12.3   23.9   25.0    ---     51    ---   228    1    100.0   10 
27/03/08  11:40   15.7   16.0   15.6    91   14.3   4.8   NNE   0.80  14.5   NNE   15.7   15.9   15.9  1009.3  0.00   0.0   0.018   0.000   23.9    48   12.2   23.8   25.0    ---     51    ---   220    1     96.5   10 
27/03/08  11:50   16.1   16.2   16.0    91   14.6   6.4   NNE   1.07  12.9   NNE   16.1   16.3   16.3  1009.1  0.00   0.0   0.016   0.000   23.9    48   12.3   23.9   25.0    ---     52    ---   230    1    100.0   10 
27/03/08  12:00   16.2   16.3   16.0    92   14.9   4.8     N   0.80  17.7   NNE   16.2   16.5   16.5  1008.7  0.00   0.0   0.015   0.000   24.0    47   12.0   23.9   24.4    ---     53    ---   226    1     99.1   10 
27/03/08  12:10   15.7   16.1   15.4    95   14.9   8.0     N   1.34  16.1     N   15.7   15.9   15.9  1008.7  0.00   0.0   0.019   0.000   24.1    47   12.0   23.9   24.4    ---     53    ---   227    1     99.6   10 
27/03/08  12:20   16.4   16.5   16.1    94   15.4   6.4   NNE   1.07  17.7   NNW   16.4   16.7   16.7  1008.3  0.00   0.0   0.014   0.000   24.1    47   12.1   24.0   23.9    ---     55    ---   227    1     99.6   10 
27/03/08  12:30   16.4   17.3   16.0    87   14.2   6.4     N   1.07  17.7     N   16.4   16.6   16.6  1008.0  0.00   0.0   0.014   0.000   24.2    48   12.5   24.1   23.9    ---     55    ---   229    1    100.0   10 
27/03/08  12:40   17.1   17.6   16.7    88   15.1   4.8     N   0.80  17.7     N   17.1   17.4   17.4  1008.0  0.00   0.0   0.008   0.000   24.3    48   12.6   24.2   23.9    ---     56    ---   228    1    100.0   10 
27/03/08  12:50   16.6   16.9   16.3    88   14.6   3.2   NNW   0.54  11.3     N   16.6   16.8   16.8  1008.4  0.00   0.0   0.012   0.000   24.3    47   12.3   24.2   23.9    ---     56    ---   227    1     99.6   10 
27/03/08  13:00   17.0   17.2   16.8    89   15.2   1.6   NNW   0.27   9.7   NNW   17.0   17.3   17.3  1007.9  0.00   0.0   0.009   0.000   24.3    47   12.3   24.2   23.9    ---     56    ---   228    1    100.0   10 
27/03/08  13:10   17.1   17.3   16.5    90   15.5   6.4   NNW   1.07  19.3   NNW   17.1   17.5   17.5  1007.9  0.00   0.0   0.008   0.000   24.4    48   12.7   24.3   23.9    ---     56    ---   226    1     99.1   10 
27/03/08  13:20   15.6   16.5   15.2    98   15.3  14.5   NNW   2.41  20.9     N   14.3   15.9   14.6  1008.4  0.00   0.0   0.019   0.000   24.5    47   12.4   24.3   23.9    ---     57    ---   226    1     99.1   10 
27/03/08  13:30   14.9   15.2   14.7   100   14.9   9.7    NW   1.61  20.9     N   14.6   15.2   14.8  1008.0  0.60   4.6   0.024   0.000   24.7    47   12.6   24.5   23.3    ---     58    ---   225    1     98.7   10 
27/03/08  13:40   14.8   15.1   14.7    99   14.7  14.5    NW   2.41  24.1    NW   13.4   15.1   13.7  1008.0  0.00   1.0   0.024   0.000   24.7    48   12.9   24.6   22.8    ---     60    ---   221    1     96.9   10 
27/03/08  13:50   15.8   16.8   15.1   100   15.8   8.0    NW   1.34  17.7   WNW   15.8   16.1   16.1  1007.5  0.00   0.0   0.018   0.000   24.7    48   12.9   24.6   22.2    ---     63    ---   226    1     99.1   10 
27/03/08  14:00   17.6   18.0   16.8    92   16.3   8.0    NW   1.34  17.7   NNW   17.6   18.1   18.1  1006.3  0.00   0.0   0.005   0.000   24.7    49   13.3   24.6   21.7    ---     65    ---   226    1     99.1   10 
27/03/08  14:10   17.6   17.9   17.4    95   16.8   8.0    NW   1.34  22.5   WNW   17.6   18.1   18.1  1006.3  0.00   0.0   0.005   0.000   24.7    50   13.6   24.7   21.1    ---     68    ---   225    1     98.7   10 
27/03/08  14:20   17.0   17.8   16.5    96   16.4   4.8   WSW   0.80  19.3   WSW   17.0   17.4   17.4  1006.3  0.00   0.0   0.009   0.000   24.8    50   13.7   24.8   21.1    ---     70    ---   216    1     94.7   10 
27/03/08  14:30   16.1   16.5   15.6    93   14.9   8.0   SSW   1.34  16.1     S   16.1   16.3   16.3  1007.0  0.00   0.0   0.016   0.000   24.8    49   13.4   24.7   21.1    ---     70    ---   223    1     97.8   10 
27/03/08  14:40   15.8   15.9   15.6    92   14.5   6.4   SSW   1.07  11.3   SSW   15.8   16.0   16.0  1007.0  0.00   0.0   0.018   0.000   24.9    48   13.2   24.8   21.1    ---     70    ---   218    1     95.6   10 
27/03/08  14:50   16.1   16.4   15.9    89   14.2   6.4    SW   1.07  11.3     S   16.1   16.3   16.3  1007.0  0.00   0.0   0.016   0.000   24.9    47   12.9   24.7   21.1    ---     70    ---   220    1     96.5   10 
27/03/08  15:00   16.5   16.8   16.4    85   14.0   8.0     S   1.34  17.7     S   16.5   16.7   16.7  1006.5  0.00   0.0   0.013   0.000   24.9    46   12.5   24.7   21.1    ---     67    ---   230    1    100.0   10 
27/03/08  15:10   17.9   18.8   16.8    86   15.5   1.6   WSW   0.27   8.0   SSE   17.9   18.3   18.3  1006.5  0.00   0.0   0.003   0.000   25.0    45   12.2   24.7   21.1    ---     66    ---   229    1    100.0   10 
27/03/08  15:20   18.8   19.8   18.0    83   15.8   1.6   NNE   0.27   9.7     N   18.8   19.3   19.3  1006.2  0.00   0.0   0.000   0.003   25.1    45   12.3   24.8   21.1    ---     68    ---   228    1    100.0   10 
27/03/08  15:30   20.4   21.2   19.8    77   16.2   3.2     N   0.54  14.5    NE   20.4   21.1   21.1  1005.8  0.00   0.0   0.000   0.014   25.2    46   12.7   24.9   21.7    ---     66    ---   220    1     96.5   10 
27/03/08  15:40   20.7   21.4   19.4    81   17.3   1.6   NNE   0.27   9.7   NNE   20.7   21.5   21.5  1005.8  0.00   0.0   0.000   0.017   25.2    46   12.7   24.9   21.7    ---     66    ---   229    1    100.0   10 
27/03/08  15:50   19.6   20.3   18.9    79   15.9   1.6   NNE   0.27   9.7   NNE   19.6   20.2   20.2  1006.0  0.00   0.0   0.000   0.009   25.2    46   12.8   25.0   22.8    ---     63    ---   225    1     98.7   10 
27/03/08  16:00   19.9   20.7   19.3    76   15.6   0.0   NNE   0.00   6.4   NNE   19.9   20.5   20.5  1005.5  0.00   0.0   0.000   0.011   25.3    46   12.9   25.1   23.3    ---     60    ---   230    1    100.0   10 
27/03/08  16:10   20.5   20.8   19.9    80   16.9   0.0   ESE   0.00   4.8   ESE   20.5   21.3   21.3  1005.5  0.00   0.0   0.000   0.015   25.4    47   13.3   25.2   23.9    ---     58    ---   228    1    100.0   10 
27/03/08  16:20   19.9   20.0   19.7    79   16.1   0.0    SE   0.00   1.6    SE   19.9   20.6   20.6  1005.5  0.00   0.0   0.000   0.011   25.4    47   13.3   25.3   24.4    ---     56    ---   229    1    100.0   10 
27/03/08  16:30   19.3   19.7   18.8    84   16.5   1.6    SE   0.27   6.4    SE   19.3   19.9   19.9  1006.0  0.00   0.0   0.000   0.007   25.4    47   13.3   25.3   25.0    ---     54    ---   223    1     97.8   10 
27/03/08  16:40   18.2   18.8   17.3    80   14.7   3.2   SSE   0.54  22.5    SE   18.2   18.5   18.5  1006.0  0.00   0.0   0.001   0.000   25.6    46   13.1   25.4   25.0    ---     54    ---   226    1     99.1   10 
27/03/08  16:50   16.5   17.3   15.9    89   14.7   3.2   SSE   0.54  17.7    SE   16.5   16.7   16.7  1007.1  0.00   0.0   0.013   0.000   25.6    45   12.7   25.3   24.4    ---     52    ---   221    1     96.9   10 
27/03/08  17:00   15.6   15.9   15.3    94   14.6   3.2    SE   0.54  14.5    SE   15.6   15.8   15.8  1007.3  0.00   0.0   0.019   0.000   25.6    44   12.4   25.3   23.9    ---     53    ---   221    1     96.9   10 
27/03/08  17:10   15.2   15.3   15.1    93   14.0  12.9    SE   2.15  24.1    SE   14.3   15.3   14.4  1007.3  0.00   0.0   0.022   0.000   25.6    43   12.1   25.3   23.3    ---     55    ---   217    1     95.2   10 
27/03/08  17:20   15.1   15.1   14.9    95   14.3  14.5    SE   2.41  25.7   SSE   13.7   15.3   13.9  1007.3  0.00   0.0   0.023   0.000   25.6    43   12.1   25.3   22.8    ---     57    ---   228    1    100.0   10 
27/03/08  17:30   14.8   14.9   14.8    90   13.2  12.9   SSE   2.15  22.5    SE   13.8   14.9   13.9  1007.5  0.00   0.0   0.025   0.000   25.6    43   12.1   25.3   21.7    ---     59    ---   220    1     96.5   10 
27/03/08  17:40   14.9   14.9   14.8    90   13.3  17.7   SSE   2.95  24.1   SSE   12.8   15.1   12.9  1007.5  0.00   0.0   0.024   0.000   25.7    43   12.1   25.3   21.1    ---     61    ---   224    1     98.2   10 
27/03/08  17:50   15.1   15.2   14.9    84   12.4  17.7   SSE   2.95  24.1   SSE   12.9   15.1   12.9  1007.8  0.00   0.0   0.023   0.000   25.7    42   11.8   25.3   20.6    ---     61    ---   223    1     97.8   10 
27/03/08  18:00   15.2   15.3   15.1    89   13.4  19.3   SSE   3.22  25.7    SE   12.8   15.3   12.9  1007.5  0.00   0.0   0.022   0.000   25.7    40   11.1   25.2   19.4    ---     61    ---   223    1     97.8   10 
27/03/08  18:10   14.8   15.1   14.6    93   13.7  24.1   SSE   4.02  29.0   SSE   11.7   14.9   11.8  1007.5  0.00   0.0   0.025   0.000   25.7    40   11.1   25.2   18.9    ---     64    ---   216    1     94.7   10 
27/03/08  18:20   14.4   14.4   14.4    92   13.2  24.1   SSE   4.02  29.0    SE   11.3   14.6   11.4  1008.0  0.20   0.0   0.027   0.000   25.7    40   11.1   25.2   18.9    ---     66    ---   226    1     99.1   10 
27/03/08  18:30   14.4   14.6   14.4    90   12.8  20.9   SSE   3.49  25.7   SSE   11.7   14.5   11.7  1008.2  0.00   0.0   0.027   0.000   25.7    40   11.1   25.2   18.3    ---     68    ---   225    1     98.7   10 
27/03/08  18:40   14.5   14.6   14.4    94   13.5  14.5    SE   2.41  22.5    SE   13.0   14.7   13.2  1008.2  0.00   0.0   0.027   0.000   25.7    40   11.1   25.2   17.8    ---     69    ---   226    1     99.1   10 
27/03/08  18:50   14.1   14.4   13.9    97   13.6  17.7    SE   2.95  24.1    SE   11.8   14.3   12.0  1008.3  0.00   0.0   0.029   0.000   25.7    40   11.1   25.2   17.8    ---     71    ---   224    1     98.2   10 
27/03/08  19:00   13.8   13.9   13.8    98   13.5  19.3    SE   3.22  25.7    SE   11.2   14.0   11.4  1008.3  0.00   0.0   0.031   0.000   25.7    40   11.1   25.2   17.2    ---     72    ---   231    1    100.0   10 
27/03/08  19:10   13.7   13.8   13.7    96   13.1  22.5    SE   3.76  29.0    SE   10.6   13.8   10.7  1008.3  0.00   0.0   0.032   0.000   25.7    40   11.1   25.2   17.2    ---     73    ---   228    1    100.0   10 
27/03/08  19:20   13.8   13.8   13.7    97   13.3  24.1   SSE   4.02  29.0   SSE   10.5   13.9   10.7  1008.3  0.00   0.0   0.032   0.000   25.7    41   11.5   25.3   17.2    ---     73    ---   222    1     97.4   10 
27/03/08  19:30   13.8   14.0   13.7    94   12.9  24.1   SSE   4.02  29.0   SSE   10.6   13.9   10.7  1008.5  0.00   0.0   0.031   0.000   25.6    41   11.4   25.2   17.2    ---     73    ---   231    1    100.0   10 
27/03/08  19:40   14.1   14.4   13.9    87   11.9  27.4   SSE   4.56  32.2   SSE   10.5   14.1   10.5  1008.5  0.00   0.0   0.030   0.000   25.6    40   11.0   25.1   16.7    ---     73    ---   226    1     99.1   10 
27/03/08  19:50   14.7   14.9   14.4    83   11.9  27.4   SSE   4.56  33.8   SSE   11.3   14.7   11.2  1008.4  0.00   0.0   0.025   0.000   25.6    40   11.0   25.1   16.7    ---     70    ---   230    1    100.0   10 
27/03/08  20:00   15.1   15.1   14.9    83   12.2  22.5    SE   3.76  30.6   SSE   12.2   15.1   12.2  1008.8  0.00   0.0   0.022   0.000   25.7    39   10.7   25.1   16.7    ---     70    ---   225    1     98.7   10 
27/03/08  20:10   15.1   15.1   15.1    81   11.9   9.7    SE   1.61  20.9    SE   14.8   15.1   14.7  1008.8  0.00   0.0   0.022   0.000   25.6    38   10.2   24.9   16.7    ---     69    ---   229    1    100.0   10 
27/03/08  20:20   15.1   15.1   14.9    81   11.8   6.4    SE   1.07  16.1    SE   15.1   14.9   14.9  1008.6  0.00   0.0   0.023   0.000   25.6    38   10.2   25.0   16.7    ---     69    ---   224    1     98.2   10 
27/03/08  20:30   15.1   15.1   14.9    84   12.4  12.9   SSE   2.15  17.7   SSE   14.1   15.1   14.1  1008.7  0.00   0.0   0.023   0.000   25.6    37    9.8   24.9   16.7    ---     68    ---   231    1    100.0   10 
27/03/08  20:40   14.8   14.9   14.6    84   12.2   8.0    SE   1.34  20.9    SE   14.7   14.8   14.6  1008.7  0.00   0.0   0.024   0.000   25.5    37    9.7   24.9   16.7    ---     69    ---   223    1     97.8   10 
27/03/08  20:50   14.7   14.9   14.6    79   11.1  19.3   SSE   3.22  25.7   SSE   12.3   14.6   12.1  1009.1  0.00   0.0   0.025   0.000   25.5    37    9.7   24.9   16.7    ---     68    ---   227    1     99.6   10 
27/03/08  21:00   14.9   15.1   14.9    78   11.1  19.3   SSE   3.22  24.1    SE   12.5   14.8   12.3  1009.3  0.00   0.0   0.024   0.000   25.4    37    9.7   24.8   16.7    ---     67    ---   225    1     98.7   10 
27/03/08  21:10   14.9   15.1   14.8    81   11.7  22.5   SSE   3.76  27.4   SSE   12.1   14.8   11.9  1009.3  0.00   0.0   0.024   0.000   25.4    37    9.7   24.8   16.7    ---     66    ---   229    1    100.0   10 
27/03/08  21:20   14.7   14.8   14.7    82   11.7  22.5   SSE   3.76  27.4   SSE   11.8   14.7   11.7  1008.5  0.00   0.0   0.025   0.000   25.4    36    9.2   24.8   16.7    ---     66    ---   226    1     99.1   10 
27/03/08  21:30   14.7   14.7   14.7    82   11.7  19.3   SSE   3.22  24.1   SSE   12.3   14.7   12.2  1008.6  0.00   0.0   0.025   0.000   25.3    36    9.2   24.7   16.7    ---     67    ---   229    1    100.0   10 
27/03/08  21:40   14.7   14.7   14.6    83   11.8  20.9    SE   3.49  27.4    SE   11.9   14.6   11.8  1008.6  0.00   0.0   0.025   0.000   25.3    36    9.1   24.7   16.7    ---     67    ---   226    1     99.1   10 
27/03/08  21:50   14.6   14.6   14.6    83   11.7  24.1    SE   4.02  29.0    SE   11.4   14.5   11.3  1008.4  0.00   0.0   0.026   0.000   25.2    36    9.1   24.6   16.1    ---     67    ---   223    1     97.8   10 
27/03/08  22:00   14.5   14.6   14.4    84   11.8  22.5    SE   3.76  27.4   SSE   11.5   14.4   11.4  1008.3  0.00   0.0   0.027   0.000   25.2    36    9.1   24.6   16.1    ---     68    ---   229    1    100.0   10 
27/03/08  22:10   14.3   14.4   14.2    86   12.0  16.1    SE   2.68  24.1    SE   12.4   14.3   12.4  1008.3  0.00   0.0   0.028   0.000   25.2    37    9.4   24.6   16.1    ---     69    ---   225    1     98.7   10 
27/03/08  22:20   14.1   14.2   14.0    87   12.0   9.7    SE   1.61  19.3    SE   13.6   14.1   13.6  1008.3  0.00   0.0   0.029   0.000   25.1    37    9.4   24.6   16.1    ---     69    ---   228    1    100.0   10 
27/03/08  22:30   13.9   14.0   13.8    91   12.5   4.8    SE   0.80  19.3   SSE   13.9   14.0   14.0  1008.4  0.00   0.0   0.030   0.000   25.1    37    9.4   24.6   16.1    ---     70    ---   224    1     98.2   10 
27/03/08  22:40   13.7   13.8   13.6    93   12.6   0.0    SE   0.00   8.0    SE   13.7   13.8   13.8  1008.4  0.00   0.0   0.032   0.000   25.1    38    9.7   24.6   16.1    ---     72    ---   224    1     98.2   10 
27/03/08  22:50   13.4   13.6   13.4    93   12.3   0.0    SE   0.00   9.7    SE   13.4   13.6   13.6  1008.2  0.00   0.0   0.034   0.000   25.1    38    9.7   24.6   16.1    ---     73    ---   218    1     95.6   10 
27/03/08  23:00   13.3   13.4   13.1    97   12.9   6.4    SE   1.07  19.3    SE   13.2   13.5   13.4  1008.2  0.00   0.0   0.035   0.000   24.9    39   10.0   24.4   15.6    ---     75    ---   224    1     98.2   10 
27/03/08  23:10   13.0   13.1   12.9    97   12.5  20.9    SE   3.49  25.7   SSE   10.0   13.2   10.2  1008.2  0.00   0.0   0.037   0.000   24.9    39   10.0   24.4   15.6    ---     76    ---   215    1     94.3   10 
27/03/08  23:20   12.9   12.9   12.9    97   12.5  16.1    SE   2.68  25.7    SE   10.8   13.1   11.0  1008.7  0.00   0.0   0.037   0.000   24.8    40   10.3   24.4   15.6    ---     77    ---   225    1     98.7   10 
27/03/08  23:30   12.8   12.9   12.8    98   12.5   9.7    SE   1.61  24.1   ESE   12.1   13.0   12.2  1008.6  0.00   0.0   0.038   0.000   24.8    40   10.3   24.3   15.6    ---     77    ---   220    1     96.5   10 
27/03/08  23:40   12.8   12.9   12.8    96   12.2   1.6    SE   0.27  14.5   SSE   12.8   12.9   12.9  1008.6  0.00   0.0   0.038   0.000   24.7    40   10.2   24.2   15.6    ---     77    ---   220    1     96.5   10 
27/03/08  23:50   12.8   12.9   12.8    94   11.9   4.8    SE   0.80  17.7    SE   12.8   12.9   12.9  1008.6  0.00   0.0   0.038   0.000   24.7    40   10.2   24.2   15.0    ---     76    ---   223    1     97.8   10 
28/03/08  00:00   12.7   12.8   12.7    95   11.9   8.0    SE   1.34  20.9    SE   12.2   12.8   12.3  1008.5  0.00   0.0   0.039   0.000   24.6    39    9.7   24.1   15.0    ---     76    ---   219    1     96.1   10 
28/03/08   0:10   12.7   12.8   12.7    93   11.6   9.7    SE   1.61  24.1    SE   11.9   12.8   12.1  1008.5  0.00   0.0   0.039   0.000   24.6    39    9.7   24.1   15.0    ---     75    ---   223    1     97.8   10 
28/03/08   0:20   12.8   12.9   12.8    92   11.5   4.8    SE   0.80  16.1   ESE   12.8   12.8   12.8  1008.1  0.00   0.0   0.039   0.000   24.5    39    9.6   24.0   15.0    ---     75    ---   215    1     94.3   10 
28/03/08   0:30   12.9   12.9   12.9    92   11.6   1.6    SE   0.27   9.7    SE   12.9   12.9   12.9  1008.1  0.00   0.0   0.038   0.000   24.4    38    9.2   23.9   14.4    ---     76    ---   224    1     98.2   10 
28/03/08   0:40   12.9   12.9   12.9    92   11.7   1.6    SE   0.27  16.1    NE   12.9   13.0   13.0  1008.1  0.00   0.0   0.037   0.000   24.3    39    9.5   23.8   14.4    ---     76    ---   224    1     98.2   10 
28/03/08   0:50   12.9   12.9   12.9    92   11.6   1.6    SE   0.27  14.5    SE   12.9   12.9   12.9  1008.1  0.00   0.0   0.038   0.000   24.3    38    9.1   23.8   14.4    ---     76    ---   228    1    100.0   10 
28/03/08   1:00   13.1   13.2   12.9    89   11.3   1.6    SE   0.27   9.7    SE   13.1   13.1   13.1  1008.1  0.00   0.0   0.037   0.000   24.3    38    9.0   23.7   14.4    ---     75    ---   225    1     98.7   10 
28/03/08   1:10   13.2   13.3   13.2    89   11.4   0.0    SE   0.00  14.5   ESE   13.2   13.3   13.3  1008.1  0.00   0.0   0.035   0.000   24.3    38    9.0   23.7   14.4    ---     75    ---   227    1     99.6   10 
28/03/08   1:20   13.2   13.3   13.2    88   11.3   1.6    SE   0.27   8.0    SE   13.2   13.2   13.2  1007.9  0.00   0.0   0.035   0.000   24.3    38    9.0   23.7   14.4    ---     74    ---   231    1    100.0   10 
28/03/08   1:30   13.3   13.3   13.2    87   11.2   1.6    NE   0.27  14.5    SE   13.3   13.3   13.3  1007.7  0.00   0.0   0.035   0.000   24.1    38    8.9   23.6   14.4    ---     74    ---   228    1    100.0   10 
28/03/08   1:40   13.3   13.4   13.3    87   11.2   1.6    NE   0.27   9.7    NE   13.3   13.3   13.3  1007.7  0.00   0.0   0.035   0.000   24.1    38    8.9   23.5   14.4    ---     74    ---   229    1    100.0   10 
28/03/08   1:50   13.3   13.4   13.3    87   11.2   3.2    SE   0.54  14.5    SE   13.3   13.3   13.3  1007.6  0.00   0.0   0.035   0.000   23.9    38    8.8   23.4   14.4    ---     74    ---   221    1     96.9   10 
28/03/08   2:00   13.3   13.3   13.3    87   11.2   6.4    NE   1.07  20.9    NE   13.2   13.3   13.2  1007.4  0.00   0.0   0.035   0.000   23.9    38    8.8   23.4   14.4    ---     74    ---   229    1    100.0   10 
28/03/08   2:10   13.3   13.4   13.3    87   11.2   3.2   NNE   0.54  17.7   ENE   13.3   13.3   13.3  1007.4  0.00   0.0   0.035   0.000   23.9    38    8.8   23.4   14.4    ---     73    ---   224    1     98.2   10 
28/03/08   2:20   13.3   13.4   13.2    84   10.6   1.6    NE   0.27  11.3   NNE   13.3   13.2   13.2  1007.7  0.00   0.0   0.035   0.000   23.9    38    8.7   23.3   14.4    ---     72    ---   230    1    100.0   10 
28/03/08   2:30   13.6   13.6   13.4    83   10.7   3.2    NE   0.54  12.9    NE   13.6   13.4   13.4  1007.8  0.00   0.0   0.033   0.000   23.8    37    8.3   23.3   14.4    ---     71    ---   221    1     96.9   10 
28/03/08   2:40   13.7   13.8   13.6    84   11.0   3.2    SE   0.54  14.5   SSE   13.7   13.6   13.6  1007.8  0.00   0.0   0.032   0.000   23.8    37    8.3   23.3   14.4    ---     71    ---   228    1    100.0   10 
28/03/08   2:50   13.9   13.9   13.8    81   10.7   1.6    SE   0.27   8.0    SE   13.9   13.7   13.7  1007.6  0.00   0.0   0.031   0.000   23.8    37    8.2   23.2   14.4    ---     71    ---   231    1    100.0   10 
28/03/08   3:00   13.9   13.9   13.8    82   10.9   1.6    SE   0.27   9.7    SE   13.9   13.8   13.8  1007.6  0.00   0.0   0.031   0.000   23.7    37    8.2   23.1   14.4    ---     70    ---   225    1     98.7   10 
28/03/08   3:10   13.9   13.9   13.9    82   10.9   1.6    NE   0.27   8.0    NE   13.9   13.8   13.8  1007.6  0.00   0.0   0.030   0.000   23.7    37    8.2   23.1   14.4    ---     70    ---   229    1    100.0   10 
28/03/08   3:20   13.9   13.9   13.8    80   10.5   0.0   SSE   0.00   4.8   SSE   13.9   13.7   13.7  1006.0  0.00   0.0   0.031   0.000   23.7    37    8.1   23.1   15.0    ---     70    ---   225    1     98.7   10 
28/03/08   3:30   13.8   13.9   13.8    79   10.3   1.6    NE   0.27   9.7    NE   13.8   13.7   13.7  1006.0  0.00   0.0   0.031   0.000   23.6    37    8.1   23.0   15.0    ---     69    ---   227    1     99.6   10 
28/03/08   3:40   14.0   14.1   13.8    84   11.3   8.0    NE   1.34   9.7    NE   13.7   13.9   13.6  1006.0  0.00   0.0   0.030   0.000   23.6    37    8.1   23.0   15.0    ---     69    ---   226    1     99.1   10 
28/03/08   3:50   13.6   13.8   13.3    87   11.4   8.0    NE   1.34  11.3    NE   13.2   13.6   13.2  1005.7  0.00   0.0   0.033   0.000   23.5    37    8.0   22.9   14.4    ---     71    ---   232    1    100.0   10 
28/03/08   4:00   13.2   13.3   13.1    87   11.0  11.3   NNE   1.88  12.9    NE   12.2   13.2   12.2  1006.2  0.00   0.0   0.036   0.000   23.5    37    8.0   22.9   14.4    ---     72    ---   225    1     98.7   10 
28/03/08   4:10   13.2   13.3   13.2    82   10.2  14.5   NNE   2.41  16.1   NNE   11.6   13.1   11.4  1006.2  0.00   0.0   0.035   0.000   23.5    38    8.4   22.9   14.4    ---     71    ---   228    1    100.0   10 
28/03/08   4:20   13.3   13.3   13.3    83   10.5  14.5    NE   2.41  19.3    NE   11.6   13.2   11.5  1007.9  0.00   0.0   0.035   0.000   23.4    37    7.9   22.8   14.4    ---     70    ---   225    1     98.7   10 
28/03/08   4:30   13.4   13.4   13.3    81   10.2  12.9    NE   2.15  19.3    NE   12.1   13.2   11.9  1008.0  0.00   0.0   0.034   0.000   23.4    37    7.9   22.8   14.4    ---     70    ---   218    1     95.6   10 
28/03/08   4:40   13.4   13.4   13.4    81   10.2  17.7    NE   2.95  22.5   NNE   11.1   13.3   10.9  1008.0  0.00   0.0   0.034   0.000   23.3    37    7.8   22.6   14.4    ---     69    ---   224    1     98.2   10 
28/03/08   4:50   13.5   13.6   13.4    82   10.5  22.5    NE   3.76  24.1    NE   10.4   13.4   10.3  1008.1  0.00   0.0   0.034   0.000   23.3    37    7.8   22.6   14.4    ---     69    ---   220    1     96.5   10 
28/03/08   5:00   13.5   13.6   13.4    81   10.3  20.9    NE   3.49  22.5   NNE   10.6   13.3   10.4  1008.1  0.00   0.0   0.034   0.000   23.2    37    7.7   22.6   14.4    ---     70    ---   219    1     96.1   10 
28/03/08   5:10   13.6   13.7   13.4    81   10.4  19.3    NE   3.22  22.5    NE   11.0   13.4   10.8  1008.1  0.00   0.0   0.033   0.000   23.2    37    7.7   22.4   14.4    ---     69    ---   217    1     95.2   10 
28/03/08   5:20   13.6   13.6   13.6    80   10.2  19.3    NE   3.22  20.9    NE   10.9   13.4   10.7  1008.6  0.00   0.0   0.033   0.000   23.2    37    7.7   22.4   14.4    ---     69    ---   221    1     96.9   10 
28/03/08   5:30   13.5   13.6   13.3    84   10.8  19.3    NE   3.22  22.5    NE   10.8   13.4   10.8  1008.6  0.00   0.0   0.034   0.000   23.1    37    7.6   22.4   14.4    ---     69    ---   219    1     96.1   10 
28/03/08   5:40   13.1   13.3   12.9    91   11.7  17.7    NE   2.95  22.5    NE   10.7   13.2   10.8  1008.6  0.00   0.0   0.036   0.000   23.2    37    7.7   22.4   14.4    ---     71    ---   224    1     98.2   10 
28/03/08   5:50   12.8   12.9   12.8    92   11.5  19.3    NE   3.22  22.5   NNE   10.0   12.8   10.1  1008.4  0.00   0.0   0.039   0.000   23.2    38    8.1   22.5   14.4    ---     74    ---   225    1     98.7   10 
28/03/08   6:00   12.8   12.8   12.7    95   12.0  22.5    NE   3.76  24.1    NE    9.6   12.9    9.7  1008.6  0.00   0.0   0.039   0.000   23.1    39    8.4   22.5   14.4    ---     76    ---   230    1    100.0   10 
28/03/08   6:10   12.7   12.7   12.6    94   11.7  24.1   NNE   4.02  27.4   NNE    9.3   12.8    9.4  1008.6  0.00   0.0   0.039   0.000   23.1    40    8.7   22.4   14.4    ---     78    ---   222    1     97.4   10 
28/03/08   6:20   12.6   12.6   12.6    98   12.2  20.9   NNE   3.49  25.7   NNE    9.5   12.7    9.7  1009.2  0.00   0.0   0.040   0.000   23.1    40    8.8   22.5   14.4    ---     78    ---   228    1    100.0   10 
28/03/08   6:30   12.4   12.6   12.4    95   11.7  19.3   NNE   3.22  24.1   NNE    9.6   12.6    9.7  1009.8  0.00   0.0   0.041   0.000   23.1    41    9.1   22.5   14.4    ---     78    ---   229    1    100.0   10 
28/03/08   6:40   12.6   12.7   12.4    91   11.2  17.7    NE   2.95  20.9    NE   10.1   12.7   10.2  1009.8  0.00   0.0   0.040   0.000   23.0    41    9.0   22.4   14.4    ---     78    ---   131    1     57.5   10 
28/03/08   6:50   12.8   12.8   12.7    92   11.5  16.1    NE   2.68  20.9   NNE   10.6   12.8   10.7  1009.4  0.00   0.0   0.039   0.000   22.9    41    8.9   22.3   15.0    ---     76    ---   226    1     99.1   10 
28/03/08   7:00   12.7   12.8   12.7    94   11.8  16.1    NE   2.68  20.9    NE   10.6   12.8   10.7  1009.4  0.00   0.0   0.039   0.000   22.9    41    8.9   22.3   15.0    ---     76    ---   224    1     98.2   10 
28/03/08   7:10   12.7   12.7   12.6    95   11.9  12.9    NE   2.15  20.9   NNE   11.3   12.8   11.4  1009.4  0.00   0.0   0.039   0.000   22.8    41    8.9   22.2   15.6    ---     75    ---   231    1    100.0   10 
28/03/08   7:20   12.7   12.8   12.6    95   11.9  11.3    NE   1.88  19.3    NE   11.7   12.8   11.8  1009.2  0.00   0.0   0.039   0.000   22.8    42    9.2   22.2   15.6    ---     74    ---   225    1     98.7   10 
28/03/08   7:30   12.9   12.9   12.8    97   12.4   9.7    NE   1.61  16.1   NNE   12.1   13.1   12.3  1009.5  0.00   0.0   0.038   0.000   22.7    42    9.1   22.1   16.1    ---     74    ---   227    1     99.6   10 
28/03/08   7:40   12.9   12.9   12.9    99   12.7   6.4    NE   1.07  14.5    NE   12.7   13.1   12.9  1009.5  0.00   0.0   0.038   0.000   22.8    43    9.6   22.3   16.7    ---     74    ---   221    1     96.9   10 
28/03/08   7:50   13.1   13.2   12.9    97   12.6   6.4    NE   1.07  12.9    NE   12.9   13.2   13.1  1009.7  0.00   0.0   0.037   0.000   22.8    43    9.6   22.3   16.7    ---     73    ---   232    1    100.0   10 
28/03/08   8:00   13.2   13.2   13.2    98   12.9   6.4    NE   1.07  11.3    NE   13.1   13.4   13.3  1009.8  0.00   0.0   0.035   0.000   22.8    44    9.9   22.2   17.2    ---     71    ---   225    1     98.7   10 
28/03/08   8:10   13.3   13.4   13.2    94   12.4   1.6    NE   0.27   8.0    NE   13.3   13.4   13.4  1009.8  0.00   0.0   0.035   0.000   22.9    44   10.0   22.4   17.8    ---     70    ---   225    1     98.7   10 
28/03/08   8:20   13.7   13.8   13.6    95   12.9   1.6    NE   0.27   8.0    NE   13.7   13.8   13.8  1009.5  0.00   0.0   0.032   0.000   22.9    44   10.0   22.4   18.3    ---     68    ---   225    1     98.7   10 
28/03/08   8:30   13.9   13.9   13.8    96   13.3   0.0    NE   0.00   3.2    NE   13.9   14.0   14.0  1009.5  0.00   0.0   0.031   0.000   23.0    45   10.4   22.6   18.9    ---     66    ---   219    1     96.1   10 
28/03/08   8:40   14.1   14.2   13.9    97   13.6   0.0     N   0.00   6.4     N   14.1   14.3   14.3  1009.5  0.00   0.0   0.029   0.000   23.1    45   10.5   22.7   19.4    ---     65    ---   224    1     98.2   10 
28/03/08   8:50   14.1   14.2   14.1    97   13.6   0.0     N   0.00   1.6     N   14.1   14.3   14.3  1009.6  0.00   0.0   0.029   0.000   23.0    46   10.8   22.6   20.0    ---     63    ---   226    1     99.1   10 
28/03/08   9:00   14.3   14.4   14.2    91   12.8   1.6   NNE   0.27   9.7   NNE   14.3   14.3   14.3  1009.6  0.00   0.0   0.028   0.000   23.1    46   10.8   22.7   20.6    ---     62    ---   226    1     99.1   10 
28/03/08   9:10   14.7   14.9   14.4    95   13.9   0.0   NNE   0.00   1.6    NE   14.7   14.8   14.8  1009.6  0.00   0.0   0.025   0.000   23.1    46   10.9   22.7   21.7    ---     62    ---   223    1     97.8   10 
28/03/08   9:20   15.0   15.3   14.9    93   13.9   0.0   NNE   0.00   8.0   NNE   15.0   15.2   15.2  1009.6  0.00   0.0   0.023   0.000   23.1    46   10.9   22.7   21.7    ---     62    ---   229    1    100.0   10 
28/03/08   9:30   15.5   15.7   15.3    94   14.5   0.0   NNE   0.00   6.4    NW   15.5   15.7   15.7  1008.9  0.00   0.0   0.020   0.000   23.1    46   10.9   22.7   21.7    ---     63    ---   222    1     97.4   10 
28/03/08   9:40   16.0   16.3   15.6    92   14.7   0.0   NNE   0.00   6.4   WSW   16.0   16.2   16.2  1008.9  0.00   0.0   0.016   0.000   23.2    46   10.9   22.8   20.6    ---     68    ---   222    1     97.4   10 
28/03/08   9:50   16.3   16.5   16.2    89   14.5   0.0     W   0.00   1.6     W   16.3   16.6   16.6  1008.9  0.00   0.0   0.014   0.000   23.2    47   11.3   22.9   19.4    ---     69    ---   220    1     96.5   10 
28/03/08  10:00   16.3   16.5   15.8    86   13.9   1.6   NNE   0.27  11.3     N   16.3   16.4   16.4  1009.2  0.00   0.0   0.014   0.000   23.4    47   11.4   23.2   20.0    ---     68    ---   219    1     96.1   10 
28/03/08  10:10   15.4   15.8   15.2    92   14.1   1.6   NNE   0.27  11.3     N   15.4   15.6   15.6  1009.2  0.00   0.0   0.020   0.000   23.6    46   11.3   23.4   20.6    ---     65    ---   218    1     95.6   10 
28/03/08  10:20   16.1   16.3   15.4    93   14.9   1.6   NNE   0.27  12.9    NE   16.1   16.3   16.3  1009.6  0.00   0.0   0.016   0.000   23.8    46   11.5   23.6   21.1    ---     63    ---   227    1     99.6   10 
28/03/08  10:30   15.9   16.2   15.9    91   14.5   1.6    NE   0.27   6.4    NE   15.9   16.2   16.2  1009.5  0.00   0.0   0.017   0.000   23.9    46   11.6   23.8   21.7    ---     62    ---   221    1     96.9   10 
28/03/08  10:40   16.7   17.1   16.2    88   14.7   0.0    NE   0.00   6.4    NE   16.7   16.9   16.9  1009.5  0.00   0.0   0.012   0.000   24.1    46   11.8   23.9   22.2    ---     59    ---   225    1     98.7   10 
28/03/08  10:50   17.6   17.8   17.1    87   15.4   0.0    NE   0.00   6.4    NE   17.6   18.0   18.0  1008.3  0.00   0.0   0.005   0.000   24.2    46   11.8   24.0   22.8    ---     57    ---   217    1     95.2   10 
28/03/08  11:00   17.3   17.8   17.0    91   15.8   4.8   NNE   0.80  11.3    NE   17.3   17.7   17.7  1008.5  0.00   0.0   0.007   0.000   24.2    47   12.1   24.1   23.9    ---     55    ---   229    1    100.0   10 
28/03/08  11:10   17.4   17.7   17.1    83   14.5   4.8   NNE   0.80  16.1   NNE   17.4   17.7   17.7  1008.5  0.00   0.0   0.006   0.000   24.1    48   12.4   24.0   24.4    ---     53    ---   221    1     96.9   10 
28/03/08  11:20   17.1   17.2   16.9    86   14.7   4.8     N   0.80  14.5    NE   17.1   17.3   17.3  1008.6  0.00   0.0   0.009   0.000   24.2    47   12.1   24.1   25.0    ---     52    ---   228    1    100.0   10 
28/03/08  11:30   17.6   18.1   17.1    87   15.4   3.2   NNE   0.54  11.3   NNE   17.6   17.9   17.9  1008.3  0.00   0.0   0.005   0.000   24.2    47   12.2   24.1   25.0    ---     51    ---   226    1     99.1   10 
28/03/08  11:40   18.7   18.9   18.2    83   15.7   0.0   NNE   0.00   6.4    NE   18.7   19.2   19.2  1008.3  0.00   0.0   0.000   0.002   24.2    47   12.1   24.1   25.6    ---     51    ---   234    1    100.0   10 
28/03/08  11:50   18.2   18.6   18.0    85   15.7   0.0    NW   0.00   4.8    NW   18.2   18.7   18.7  1007.7  0.00   0.0   0.001   0.000   24.3    47   12.2   24.2   25.6    ---     50    ---   228    1    100.0   10 
28/03/08  12:00   18.5   18.8   18.2    84   15.7   3.2   NNE   0.54  14.5   NNE   18.5   18.9   18.9  1007.6  0.00   0.0   0.000   0.001   24.3    47   12.3   24.2   25.6    ---     50    ---   228    1    100.0   10 
28/03/08  12:10   18.5   18.7   18.2    83   15.6   1.6   ENE   0.27   9.7   NNE   18.5   18.9   18.9  1007.6  0.00   0.0   0.000   0.001   24.5    47   12.4   24.3   25.6    ---     51    ---   224    1     98.2   10 
28/03/08  12:20   19.1   19.6   18.6    83   16.2   3.2     N   0.54  14.5     N   19.1   19.7   19.7  1007.3  0.00   0.0   0.000   0.005   24.6    47   12.5   24.4   25.6    ---     51    ---   227    1     99.6   10 
28/03/08  12:30   18.9   19.3   18.6    79   15.2   6.4   NNE   1.07  16.1   NNW   18.9   19.4   19.4  1007.2  0.00   0.0   0.000   0.004   24.7    47   12.6   24.5   25.6    ---     51    ---   221    1     96.9   10 
28/03/08  12:40   19.5   19.7   19.3    78   15.6   9.7   NNE   1.61  20.9   NNE   19.5   20.1   20.1  1007.2  0.00   0.0   0.000   0.008   24.7    46   12.3   24.5   25.6    ---     50    ---   222    1     97.4   10 
28/03/08  12:50   19.2   19.4   19.0    80   15.7  11.3   NNE   1.88  19.3   NNE   19.2   19.8   19.8  1007.1  0.00   0.0   0.000   0.006   24.7    46   12.3   24.5   25.6    ---     50    ---   226    1     99.1   10 
28/03/08  13:00   19.0   19.3   18.8    77   14.9   9.7     N   1.61  19.3   NNE   19.0   19.4   19.4  1007.1  0.00   0.0   0.000   0.005   24.7    45   12.0   24.4   25.6    ---     50    ---   219    1     96.1   10 
28/03/08  13:10   19.6   19.7   19.3    75   15.1   9.7   NNE   1.61  19.3   NNE   19.6   20.1   20.1  1007.1  0.00   0.0   0.000   0.009   24.7    45   12.0   24.4   25.6    ---     49    ---   228    1    100.0   10 
